penumpang
10188
9922
10408
8115
8641
4627
10269
13640
11415
13676
11349
12584
15718
14613
16749
15185
15122
15728
15338
16021
11678
14708
13696
15064
15755
11559
15094
17483
21203
23356
27454
26655
28022
25704
26646
30320
30754
26365
30553
31498
33080
32387
37777
32357
36524
35563
28467
38740
40504
35465
37453
37989
35611
34094
41993
35214
42652
36427
47173
51750
54442
50075
58748
57677
60753
73138
73182
90837
90175
106022
116411
115168
89245
76486
90208
82843
89112
91957
77037
88910
79559
81467
78294
82317
121872
98068
112786
104714
111469
122640
97382
133684
119102
127111
125138
134509
129525
109237
117377
115309
139914
123900
151587
159437
132994
139819
138181
157455
152513
141630
150198
147614
168198
137540
184756
160396
149282
145891
141726
153404